 1
 2 121 165 384 2685
 3 93 454 2090 3072
 4 727 1149 1455 1524 1597 2907
 5 2489
 6 105 927 1476 2458 2830 3192
 7
 8 846
 9 474 677
 10 641 922 1055 1605 2285 3038 3076
 11 63 594 789 874 2189 2399 2777 3205
 12 1571 1790 2084 3075
 13
 14 2135
 15
 16 65 103 143 359 578 669 806 921 985 1408 1633 2165 2725 2735 2766 2982 2994 3061 3278
 17 2198
 18 1307 1860 2183 2197 3283
 19 459 682 1742 3243
 20 99
 21 271
 22 461 1057 1316 1372 2194 2660
 23
 24
 25 721 882 976 1678 1852 2080 2134 2732 3133 3149 3265
 26
 27 465 3096
 28 1043 2334 2691 3078
 29 836 892 1500 1878 2040 2662 3109 3268
 30
 31 1493 1748 1981 3015 3031 3217 3343
 32 793 1959 3248
 33 222 396 1205 2427 3042
 34 146 406 503 553 839 1130 1457 2022 2460 2624 2800 3323
 35 571 1204 1890 2117
 36 162 320 344 355 418 419 1525 2139 2240 2291 2569 2579 3194
 37 2125
 38 711
 39 53 3048
 40
 41 90 873 980 983 1012 1035 1115 1184 1399 1622 1793 1898 2038 2077 2337 2374 2410 2530 2633 2705 2743 2765 2773 2795 3000 3020 3300
 42 1334 1496 1642 2124 2333 2449 2536 2665
 43 864 913 1652 3083
 44 1518 1861 2760
 45 505 1049
 46 124 2386
 47
 48
 49
 50 170 1541
 51 494 638 1106 1144 1179 1418 1587 1829 2215 2768
 52 110 194 916 1564
 54 120 483 876 2876
 55 3064
 56 763 935 2700
 57 425 1784 2093 2277 2715 3288
 58 438 1185 1497 1553 1615 1750 2031 2514 2626 2938
 59
 60
 61 2949
 62
 64 1016 1243 2617 3098
 66
 67 152 181 749 1114 1116 1573 1766 1768 1985 2511 2646 3003 3325
 68 2083
 69 370 2269 2422 3037
 70 1153 1194 1671
 71 122 389 1252 1606 2515
 72 1135 1423 2736 3156 3257
 73
 74 743 2919
 75 1599
 76 409 433 467 877 1060 1488 1558 1656 2045 2059 2286 2317 2475 2637 2937 3201
 77 1957
 78 744 1566 1714 1882 2163 2469 2628 2658 3033 3301
 79 810 3304
 80 3099 3150
 81
 82 728 1207 1623 1919
 83 525 1110
 84 239 1096 1426 2107 2301 2338 2565 3330
 85 206 758 970 977 2663
 86 2792 2933 3065
 87 172 3081
 88 413 1138 1552 1679 1694 1903 2675 2804
 89 92
 91 2175
 94 856 1581 1990 2309 2808 3117
 95 1161
 96 919 1367 1703 2263 2716 3066
 97 195 863 1146 2021 2776
 98
 100 134 1669 2923
 101 1670 2520 2545
 102
 104 652 713 787
 106 211 340 676 719 823 1908 2370 2493 2720 2824 2855 2873 3153 3166
 107 230 1267 2315 3328
 108 934 1018 1058 1152 1613 2695 2841 3351
 109 448
 111 692 737 800 1002 1059 1660 2032 2050 2212 2468 2845 3010 3259
 112
 113 255 1639 2051
 114 126 3063
 115 207 333 978 1765 1789 2276 2519 2567 2721 2897 3068 3118
 116 764 1503 2220 3299
 117 306 2739 3238
 118 699 1118 2296
 119 2327 2755
 123 153 179 941 988 1176 1450 1637 1724 1740 2187 2258 2534 2701 2936
 125 186
 127 500 952 1044 1087 1336
 128 1841
 129 390 1102 1128 1420 1644 2213 2342 2570 2747 2780 2848
 130
 131 135 734 857 2789
 132 2523
 133 546
 136 148 352 1515 1689 2174 2264 2606 2653 3101 3298
 137 360 399 1297 1772 2164 2480 2522 3295
 138 502 732 779 2273 2590 2942
 139 346 391 1172 1999 2335
 140 284 589 1845 1962 2001 2396 2430 3091 3184 3207 3358
 141 1757 2015 2582 2913
 142 328 1592 2859
 144 569
 145 997 1108 1384 1752 2655 2770
 147 648 1812
 149 909
 150
 151 358 466 507 1529 1674 2082 2192 2576 2593 3146 3152
 154 205 613 969
 155 1218
 156 1666 3047
 157 2412
 158 348 568 694 813 1966 2046 2558 2694 2970
 159 167 342 1296 1937 2126 2347 2378 2481 2729 3282
 160 457 730 2123 3297
 161 854 2426 3357
 163 278 351 1074 1521 1702
 164 243 347 809 908 986 1338 2914 3361
 166 379 888 1429 1939 2939 3008 3219
 168 1969 2004 2099 2509 2823 3071
 169 262 421 1715 2267
 171 557 1952
 173 441 2946 2947 3006
 174 1948 2911
 175 748 2750 3266
 176 893 2246 3306
 177 891 1319 2233 2403 3234
 178
 180 647 801 2605 3279
 182 2677
 183 236 1281 1816 2104 2679
 184
 185 285 339 1260 1513 1554 2154 2272 2560
 187 965 1191 1369 2011 2486 2487 2932 3067
 188 252 337 447 911 1104 1211 1265 1857 2436 2891 2902 3119 3269
 189
 190 675 1085 2462 2699 2822 2934
 191 323 1094 2085 2219 3009
 192 275 898 1182 1275 1333 1907 1954 2346 2727 2756
 193 423 471
 196 542 2020
 197 2102 3195
 198 855 1688 3216
 199 829
 200 1167 1565 1617 2092 2433
 201 414 1638 1762 2667 2927 3223
 202 2014 2847 3088
 203 996 2550
 204 2278 2406
 208 2423
 209
 210 767 847 938 2447
 212 1557 2158 2651 2806
 213 1567 2140
 214 896 1311
 215 708 1834
 216
 217 473 918 1588 2817 3245
 218 574 2033 2431 2951
 219
 220 736 838 1650 1713 2030
 221 2944
 223 715 784 1837
 224 2417
 225 3180
 226 424 498 586 595 632 1292 1791 2369 2692
 227 296 373 2470
 228 274 1133
 229 452 1889 2388 2440 2874
 231
 232 329 804 1073 2788
 233 265 362 2363
 234 831 3154
 235
 237 1242
 238 2284 3043
 240
 241 1228 1469 1680 2049 2771
 242 453 917 2037 2254 2539
 244
 245 486 678 926 1076 1082 1100 1400 1424 1438 1491 1794 1877 1892 1896 1926 2073 2214 2717 3113
 246 756 1221 1362 1522 1832 2281 2620
 247 2825
 248 269 796 2722
 249 1402 2490
 250 273
 251 696 878 895 1380 1556 1607 1747 1978 1980 2169 2170 2182 2478 3307 3342 3356
 253 1862 2151
 254 513 739 775 782 1745 1800 2852
 256 616 712 844 1611 1886 2081 2452 2527 2589 3138
 257 440 540 835 1268 2061
 258 330 778 818 819 1036 1093 1180 1382 1434 1716 2179 2318 2351 2352 2737 2745 2978 3167 3212 3312
 259
 260 315 1479 2321 2379 3079
 261 1507
 263 600 2928
 264 939 2414 2556 2698 2821 2842
 266
 267 476 608 2592 3082
 268 1719
 270 1763
 272 2998
 276 1392 2101 2131
 277
 279 1410 3181
 280 312 350 1867 1944 2703
 281 658 1017 1352 2243 2244 3127 3224 3225 3226
 282
 283 1544 2297 2298 2526
 286
 287
 288 512 786 1222 1510
 289 915 1244
 290 1582 1873 2312
 291 698 2372
 292 625 865 945 2002 2554 2599 2758
 293 1129 1569
 294 1825 1885 2071 3346
 295 2118 3021
 297 2195 2230
 298
 299 317
 300 606 643 1465 1835 2029 2130 2209 2365 2393 2442 2899 3275 3333
 301 1540 2571
 302 481 824 1743 3027 3239
 303
 304 449
 305 3204
 307 1636 2324 2538
 308 1107 2231 3121
 309 365 649
 310 629 1003 2678 3022
 311 374 2019 2769
 313 1576 1711 1717 2024 2060
 314 1224 1696 2827
 316
 318 872 1471 1891 1968 2688 2890
 319 443 2023 2094
 321
 322 1997
 324 887 932 1040 1238 1283 1427 1676 1806 1855 2054 2208 2235 2390 2507 2508 2832
 325
 326 345
 327 1467 1665 2320 2580 2708 3329
 331 2634
 332 1824 3085 3349
 334 1551
 335
 336 1223 1320 1686 1964 3284
 338 599 2087 2465
 341 515 528 1141 1295 1601 2034
 343 1177 1197
 349 369 1086 1419 1922 2778 3210 3310
 353
 354 1151 1266 1485 1697 2111 2248 2340 2532
 356 1412 1727 1875 2184 2728 2960 2964
 357 538 1920
 361 509 1641 1692 1732 2900
 363 1894
 364
 366 660 943 1126 1456 1664 1921 2089 2110 2222 3087
 367 1328 1982 2191 2206
 368 1667 3084
 371 2466 2713
 372 2437 2612
 375
 376
 377 3051 3173
 378 1536
 380 1360 2787
 381 1119 1788 3286
 382
 383 862 1440 2173 2880 2915 3294
 385 1797 2984
 386 802 1230 1391 2129 2650 2759 3273
 387 1924 2271 2807 2953 3092
 388 671 1923 2008
 392 1801 1953 3302
 393 1240 1302 1365 2459 2799 3025 3232
 394 1379 2883
 395 545 1847 2555 3128
 397 2474 2957 3344
 398 554 1568 2017 3196
 400
 401 1148 1520 1785 2242 2361
 402
 403 959 1693 1850 2537 3254
 404 3326
 405 940 1288 1366 1661 1773
 407
 408 740 903 1030 2600 2632
 410 2145 3197
 411
 412
 415 605 1348
 416 492 1079 2491 3007 3044
 417 482 1866
 420 1202
 422 1549 1815 1927 1942 1992 2190 2282 2392 3347
 426
 427 1589 1798 3179 3203
 428 2882
 429 808 1951 1961 2329 2397 2494 3174 3186
 430 3274
 431 458 807 951 2779
 432 1287
 434 1448
 435 3218
 436 2961
 437
 439 751
 442 759 958 1071 1389 1888 2353 2354 2618
 444 1915 2416 2671 2797 2974
 445
 446 2448 2813 3313 3353
 450 607 1234 1386 1602 2171 2325
 451 1346 2929 2930 3052
 455 1777
 456 1198 2886
 460 1722 2421
 462 1276 1858 2155
 463 663 2645 3211 3247
 464 2056
 468 1269 2791 3074
 469 1004 1828 2247 3094
 470 1397 3097 3334
 472 598
 475 869 870 1377 3095
 477
 478
 479
 480 665 1351 2910
 484 490 1381 2535
 485 1853
 487 1851
 488 2218 2306
 489
 491
 493
 495
 496 746 2322 3023
 497
 499
 501 905 1706 2295 2516
 504 560
 506
 508 850 1345 1385 1512 2035 2510
 510 797 1409 3311
 511 552
 514
 516
 517 672
 518 750 765 994 2680 2828 3137
 519 535 650 811 1005 1883 1901 2529 2801 3198 3305
 520 536 636 1246
 521
 522
 523
 524
 526 3200
 527 2542
 529
 530 2336 3028
 531
 532 1502 2239
 533 1190 2931
 534 1257 2686
 537 644 655 1560 2304 2499
 539 950 1088 1261 1736 1880 2055
 541 588 601 937 1101 1822 2356 2966 3237
 543 1212
 544 633 1078 2453 3359
 547
 548 716 2595 3227 3272
 549
 550
 551 776 1342 1526 2255 2443
 555 1157 1325 1646 2866
 556
 558 2384
 559 1027 1700 2188
 561 805 2921
 562
 563 640 825 890 1028 1113 1596 1725 1941 1956 2454 2706 2734 2819 3005 3032 3253 3291
 564 2193 2349 2696 3108
 565
 566
 567
 570
 572 907 1454 1827
 573
 575
 576 702 981 1635 1658 1687 2954
 577 1846 1902 2912 2997
 579 812 1501 1730 1821 2143 2602 2987 3105
 580
 581 1643 1974 3046
 582 832 2168 2439 3280
 583
 584 738 1620 2574 3159 3240
 585
 587
 590 1341 3202 3249
 591
 592 868 1024 1728 2577 2991
 593 639 1422 1463 1721 2811
 596
 597 1960
 602 999 1988 2141 2723
 603 933 991 2260 2367 2613 2802 2990
 604 1249 2854 3124 3160 3213
 609 1374 2543
 610 1306 1811 2063 2834
 611 1578 2133
 612
 614 3104
 615 1045 2476
 617 1826 2719 2794 2810
 618 1910 2387 3221
 619 1881
 620
 621 1681 1695
 622 1395 1979
 623 1632
 624 1673 3164
 626 3115 3183
 627 1208
 628 1219 3169
 630 2159 2630
 631 683 1489 2837
 634 706 963 1103 1744 1963 2016
 635
 637 3222
 642 2710 2860 3182
 645
 646 901 1591 1600
 651 2112 2253 2856
 653 680 817 1120 1795 2307 2438 2761 2996
 654
 656
 657 1075 2007 2012
 659 1068 1353 1461 1478 1523 1830 2241 2975
 661 998
 662
 664 826 1458 1672 1817 2204 2584 3172 3350
 666 920 956 984 1034 1627 1629 1995 2057 2152 2503 2627 3017 3134 3176
 667 2844 2871 3339
 668
 670 1317 1930
 673 1783 1933 1984 2302 2467 2610 2670
 674 2025 2731
 679
 681
 684
 685 1761
 686 1051 1655 1691
 687 783 1356 2450
 688 1612 2207
 689
 690 852 925 1375 1787 1940 2767
 691 1187
 693
 695
 697 2419
 700 3319
 701
 703
 704 2614 2746
 705
 707
 709
 710
 714 3036
 717 1041 1393 1453
 718 954 1542 2704
 720
 722 964
 723
 724
 725 1154 3157
 726 761 1405 2693 3322
 729 1802 2289 2310
 731 2730
 733 948 1061 1473
 735 1305 1989 2234 2805 3012
 741
 742 1570
 745
 747 1256 1733 3125 3337
 752 1396 1945
 753 3045
 754 799 1097 1251 1417 2072 2150
 755 1398
 757 961 1994 2376 2553 3340
 760 1494 1545 1668 1781 1887 2097 2581 3053 3214
 762 1062 1121 2547 3178
 766 1998
 768
 769
 770 1066
 771 2629 2959 3049 3241
 772 1070 2505
 773
 774
 777 1548
 780 2224
 781 2962 3314
 785 1729 2429
 788
 790 1158 3287
 791 3233
 792 2752 2782 2981 3252
 794 989 1704 2314 2648 3336
 795 2360 2904
 798 2738
 803 1662
 814 1142 1796 1895 2572 2619 2672
 815
 816 1008 1359 1579 1810 1836 2375
 820 1754 3100
 821 1682 2202 2666 2724
 822 1166
 827 1511 2563 2564
 828
 830
 833 906 1029 1388 2772
 834 881 1262 2180 2906
 837 1125 1303 1731 2167 2754 2870
 840 3016
 841 1414
 842
 843 1705 2424 2971
 845 1046 1421 1663 2504 2948 3170
 848 1675 1778 1931 2013 3026 3089
 849
 851 1470 1506 2005 2252 2446
 853 987 2064 3189 3277
 858
 859 1586 2591
 860 1444
 861 1215 1935 3235
 866 900 1370 2079
 867 1430 1436 2391 2636 2661 3354
 871 2502 2816
 875 2148 2223 3004 3019 3193
 879 914
 880 1775
 883 3255
 884 1089 1447 2294 2879 2885 3148
 885 1634 1967
 886 1235 1432 1537 2471
 889 1533
 894 2647
 897 1741 1916 2544 2682
 899 2358
 902 1799 2018 3267
 904 2229
 910
 912 1227 1649
 923
 924 2027 2409 2640
 928 1054
 929 2839
 930 973 1056 2434 2586 2967 3129
 931 2444
 936 3024
 942 1411 2798
 944 2868
 946
 947 2047
 949 2492 3018
 953
 955
 957
 960 2709 3054
 962 1200 2136 2763 3029
 966 1376
 967 2455 2843
 968 1477 1770 2445
 971 1132
 972 1131 1220 3126
 974 1574 1943 3034
 975 1364
 979
 982
 990 1232 1651 2280 2968 3293
 992 1010 1820 2245
 993 2803 2976 3229
 995 1786
 1000
 1001 2146 2185 2850 2895 3168 3220 3341
 1006 2903 3060
 1007 1519 3271
 1009 1449 1559 2283 2501 2621 3338
 1011 3258 3262
 1013 1277 1318
 1014 1626 2256
 1015 1490 2382 2383
 1019 1614 1648 2742 2744 2955 2986 3292
 1020 1936
 1021 1050 1756
 1022 1808 1955 2362 2644
 1023
 1025 1031
 1026 1273 1914
 1032 1069 1245 1416 1844 1973 2935
 1033 1048 1373 1401 1594 2541 2635 2941 3070 3110 3289
 1037
 1038
 1039 1925
 1042 2091 2533 2562
 1047
 1052
 1053
 1063
 1064
 1065 1863 2330 3103
 1067 1584 2683
 1072
 1077 1709
 1080 2479
 1081 1354 2898
 1083 1136 1254 1323 1390 1645 1647 1839 1879 2407
 1084 1621
 1090
 1091 1378 1993
 1092 1484 2149 3165
 1095 1327 1425
 1098 1147 2181 2587 2831 3215
 1099 1445
 1105
 1109 1840 2381 2838
 1111
 1112 2028 2270 2359 3050
 1117 1349 1585 2196 2875
 1122 2003 2157 2176 2561 2764 2943
 1123 2568
 1124 1767 2006 2456
 1127 1443 1818 2623
 1134
 1137 2609
 1139 1293 1572 2364 2726
 1140 1946 3120
 1143 2305 2332 3191
 1145
 1150
 1155 1976 2308 3106
 1156 2836
 1159 1474 2702 2826
 1160 1771
 1162
 1163
 1164 1214 2482
 1165
 1168 1225 3151
 1169
 1170 1482 1698 2394 3158
 1171 2328
 1173
 1174
 1175 1300 1361 1972 2518 3251
 1178
 1181 2878 3077
 1183
 1186
 1188 3177
 1189 1854
 1192
 1193
 1195 1199 1435 1904 2820 3327
 1196 1831
 1201
 1203
 1206
 1209
 1210
 1213 2887
 1216 1407 3073
 1217 2829
 1226 1355
 1229
 1231
 1233
 1236
 1237 1708 2656
 1239 2238
 1241
 1247
 1248 1282 3112
 1250 2524
 1253 1538
 1255
 1258
 1259
 1263
 1264 1304 1504 2068
 1270 1739 3130
 1271 1734 1803
 1272
 1274
 1278 1291 2070 2211 2681 3161
 1279
 1280
 1284 1849 1996
 1285 2114 2548
 1286 2905 3264
 1289
 1290 2225 2313 3147
 1294
 1298 2525
 1299 2221
 1301 2062
 1308 2690
 1309 1358
 1310 1701 1819 1970 2345 2604 3303
 1312 1583 2162 2500 2641 3324
 1313
 1314 2210
 1315
 1321 2862
 1322
 1324 3208
 1326
 1329
 1330
 1331 1823
 1332
 1335
 1337
 1339
 1340 1603 2048 2757 3035
 1343 1737 2257 2404 2972
 1344 3139 3144
 1347 2483
 1350
 1357 2326 3143
 1363 2815
 1368 1864 2401 2869
 1371 1619 3123
 1383
 1387 1498 1833
 1394
 1403 2144
 1404
 1406 1977
 1413
 1415
 1428 2864
 1431
 1433 1906 2147 2531
 1437 3102
 1439 2316
 1441
 1442 1580
 1446 2389 3058
 1451 2142
 1452
 1459 2552
 1460 3141
 1462 1527 1949 1971 2657 2784
 1464 2916
 1466
 1468 2138
 1472 1975 2166 3062
 1475
 1480 2969
 1481 2585
 1483 2517
 1486
 1487 1913
 1492 2043 2371 2762
 1495 2712
 1499 2488 3122
 1505
 1508
 1509 1534 2840 2894
 1514 1563 2042 2200 3263
 1516
 1517
 1528
 1530 2892
 1531 2607 3145 3190 3231
 1532 1848
 1535 1751 2597 2983 3185
 1539
 1543 2265 2348
 1546 2428
 1547 1874 2216
 1550 2377
 1555 2100 2357
 1561
 1562
 1575 2339 2497
 1577 2901
 1590 2088 2598 2615
 1593
 1595 2748 3335
 1598
 1604
 1608
 1609 2999
 1610
 1616 2652
 1618
 1624 2395
 1625 1764 1938 2786
 1628 2041 2074 2484 3039
 1630 2122 2559 3317
 1631 2818
 1640
 1653
 1654
 1657 3135
 1659
 1677 2121 2293 2733
 1683
 1684 1929 2557 2833 3276
 1685 1859
 1690 2288 2311
 1699
 1707
 1710 1780
 1712 2812 3011
 1718 3320
 1720 2963
 1723
 1726
 1735 1869
 1738
 1746
 1749 2917
 1753
 1755 2058 2299 2405 2473 2596
 1758 2319 3057
 1759
 1760 1871
 1769 2684
 1774
 1776 1856 2344 3093
 1779 2201
 1782
 1792
 1804 2044 2495 2639
 1805
 1807
 1809 1865
 1813 3270
 1814 3171
 1838 2578 2608
 1842 2622
 1843 2066
 1868 2925
 1870 2250 2251 2989
 1872 2413
 1876
 1884 1900
 1893 3199
 1897 2857
 1899 2408 3069 3331
 1905
 1909 2425
 1911
 1912 3308
 1917
 1918 2103 2796
 1928
 1932
 1934 2549
 1947
 1950
 1958 2132 3290
 1965 2137 2973 3321
 1983 2226 2227
 1986 2113 2540 3111
 1987 2528
 1991
 2000
 2009
 2010
 2026
 2036 2643
 2039 2236
 2052
 2053
 2065
 2067
 2069
 2075
 2076 2573 2588 2601 2668 2867 2958
 2078
 2086 2161 2908
 2095 3250
 2096
 2098 2120
 2105
 2106 2861
 2108 2217
 2109
 2115
 2116 2659
 2119 3246
 2127
 2128
 2153
 2156 2940
 2160
 2172 2331 3162
 2177 2402 2775
 2178
 2186 2373 2669
 2199 2457
 2203
 2205
 2228
 2232
 2237 2279
 2249
 2259
 2261 2432 3187 3360
 2262
 2266 2952
 2268
 2274 2616
 2275 2583 3285
 2287
 2290
 2292
 2300 2323
 2303 2498 3316
 2341
 2343
 2350 3188
 2355
 2366
 2368 2950 3236
 2380
 2385 2673 3001 3114
 2398 2707
 2400
 2411 2575 2718 3080
 2415
 2418
 2420
 2435
 2441
 2451
 2461
 2463
 2464
 2472
 2477 2611
 2485 2945
 2496
 2506
 2512 2654
 2513
 2521
 2546
 2551
 2566
 2594 2625
 2603
 2631 3209
 2638
 2642
 2649
 2664 2714 2980
 2674
 2676
 2687
 2689 2877
 2697
 2711
 2740
 2741
 2749
 2751
 2753
 2774 2853
 2781
 2783
 2785
 2790
 2793
 2809
 2814
 2835 3260
 2846
 2849
 2851
 2858
 2863
 2865
 2872
 2881
 2884
 2888
 2889
 2893
 2896
 2909 2977
 2918
 2920 3318
 2922
 2924 3155
 2926
 2956
 2965
 2979 3116
 2985
 2988
 2992
 2993
 2995
 3002
 3013
 3014
 3030
 3040 3107
 3041
 3055
 3056
 3059
 3086
 3090
 3131
 3132 3175
 3136
 3140
 3142
 3163
 3206
 3228
 3230
 3242
 3244 3352
 3256
 3261
 3281
 3296
 3309
 3315
 3332
 3345
 3348
 3355
